776
649
782
811
49
623
287
61
233
588
727
346
414
4
136
966
660
283
964
651
278
31
1000
424
358
104
40
327
844
261
561
961
555
284
813
329
457
134
745
617
621
141
467
205
866
746
303
226
506
431
841
498
902
278
564
688
833
60
713
986
277
462
980
544
981
870
1000
351
25
346
474
634
792
145
698
661
640
851
38
807
449
52
362
525
655
796
874
541
710
86
360
741
224
291
192
952
842
826
336
330
621
935
621
809
695
957
593
192
938
777
513
912
605
45
891
941
278
269
780
771
65
545
439
996
730
303
18
487
126
765
283
21
143
464
224
515
167
636
235
72
684
777
772
586
610
830
456
537
670
404
920
319
454
26
172
450
30
96
638
536
197
18
804
662
374
819
85
557
306
475
764
121
483
695
834
823
252
372
94
931
68
735
736
803
817
707
11
756
377
240
512
327
523
197
599
711
988
355
993
913
734
301
873
368
467
319
128
949
623
442
424
920
523
529
864
173
486
899
854
581
918
149
708
856
708
203
57
300
493
683
375
53
85
231
364
569
367
981
226
726
855
60
674
475
48
245
886
608
865
972
763
570
514
985
869
391
500
447
340
546
615
361
125
932
165
604
364
760
67
877
148
664
488
895
753
241
822
736
956
600
678
706
230
711
144
729
592
281
215
286
255
789
907
191
861
914
392
424
458
664
548
338
266
350
534
190
543
686
418
527
343
937
961
329
129
176
957
882
849
800
194
667
427
657
991
266
828
971
612
632
267
486
678
66
351
404
894
822
306
397
511
836
491
159
198
670
882
232
372
854
60
770
503
226
734
393
127
454
710
156
844
471
4
149
380
255
592
503
746
66
62
627
482
796
452
679
793
5
756
500
362
522
916
226
547
8
155
194
830
903
598
463
395
690
217
626
243
503
161
89
887
607
21
740
967
835
381
964
574
720
915
983
27
761
558
380
458
337
478
399
1
585
417
562
215
356
412
713
278
900
565
456
225
144
5
555
961
293
867
385
858
622
668
926
570
273
446
100
337
903
179
270
443
448
908
152
659
281
331
246
346
91
850
495
37
241
145
245
396
814
154
484
23
104
570
261
867
725
288
103
146
952
983
984
377
904
360
653
498
118
577
820
434
96
650
482
29
999
446
126
29
841
14
656
706
156
153
824
859
608
960
15
291
256
189
156
510
93
212
117
290
470
362
727
675
223
434
941
871
629
463
57
928
652
811
330
855
102
677
218
462
416
889
82
846
906
202
748
863
74
851
229
334
974
667
973
904
508
838
708
5
432
544
571
32
210
452
196
347
816
803
335
303
751
912
755
584
658
656
453
111
629
112
415
346
41
286
744
974
243
961
612
805
619
597
888
666
486
942
468
224
113
342
637
755
483
225
94
894
613
453
50
723
320
808
49
482
219
578
965
369
976
801
943
657
370
602
731
177
141
933
725
147
226
522
86
309
646
288
407
842
758
93
352
207
184
183
278
850
625
864
7
92
119
360
715
575
778
172
737
362
964
357
418
1
601
572
327
897
93
657
234
842
129
322
427
278
554
48
18
838
286
950
315
931
339
307
299
849
630
686
941
776
541
57
394
876
538
743
147
149
428
863
740
753
835
570
982
956
40
961
41
690
503
407
173
107
842
13
739
229
307
237
469
944
765
727
470
458
543
839
607
346
391
591
223
586
119
800
750
46
359
372
575
378
175
447
400
1000
838
436
79
437
756
500
763
581
32
265
339
781
327
16
567
567
50
845
673
299
514
504
903
24
483
6
57
890
146
627
361
557
572
82
27
975
637
303
891
420
386
147
638
859
11
775
878
574
512
284
565
591
623
767
413
845
296
378
465
998
925
245
956
374
113
116
748
446
603
882
226
624
375
443
921
399
289
647
513
891
799
146
591
793
403
56
275
258
505
302
445
794
195
819
996
624
47
902
861
518
817
537
28
822
186
851
706
372
741
724
284
283
810
273
323
247
905
847
13
50
356
844
248
282
225
841
198
839
187
628
586
282
300
161
389
545
33
912
340
512
202
403
922
761
636
142
230
340
629
329
473
41
484
201
646
50
474
778
390
950
121
185
615
672
639
981
968
286
702
238
11
893
836
446
160
298
154
589
570
924
396
120
481
405
92
137
243
166
818
657
39
834
884
258
424
683
470
122
570
609
527
505
108
377
960
83
874
122
537
585
813
43
65
594
729
687
345
352
884
267
494
21
350
54
538
187
961
767
142
322
846
581
462
173
305
967
273
606
875
660
931
72
226
92
425
451
767
982
304
937
923
